0 0.5182144957045869 0.5150231584148528 0.3961534622336149 0.30658028384793107
0 0.4086591112629906 0.45052728988606183 0.2586291287873868 0.2237993339749881
6 0.5858534543201571 0.3241559637329944 0.05499511646291495 0.09822466837349922
0 0.5390160758714546 0.3113066242139858 0.04529921189493056 0.06183214206513998
6 0.7212553657855463 0.31159650859837945 0.08242739767057934 0.07178326571442835
1 0.3793910131174414 0.48883863196531924 0.03572613805964089 0.027783365756780753
1 0.44859471449692234 0.49103889782092197 0.0312024123699004 0.03063534997176518
2 0.38722344527504554 0.5771730898719445 0.04012371099041943 0.03738587891096028
1 0.3363680314348071 0.43292953718463884 0.024338258706427317 0.01855257892507787
1 0.598721946518241 0.3163966716396196 0.0075225729307785375 0.00978452367752336
4 0.5807941400958059 0.3166619821488459 0.015376016508343327 0.01102079998588259
1 0.7476098258714546 0.29915742178079396 0.008221935775648781 0.00826752630835923
4 0.7359320194490195 0.29905871124333283 0.014553822930778537 0.01019404735504672