0 0.5214038875129499 0.5723461124870501 0.39449497849326604 0.30213200413382924
0 0.4114338821362664 0.49597620347187543 0.257408047352185 0.22090977522627836
6 0.5879493403656528 0.38753877294996675 0.0544392510334573 0.09764128742738745
0 0.5410208364367113 0.3696941474332382 0.044952935070022446 0.06133991439185813
6 0.7233239141869704 0.3891462764646235 0.08203555810555194 0.07086261765884583
1 0.3823799288692788 0.531421397847523 0.035575781017246656 0.027382291356328813
1 0.45162008044085533 0.5409098678637336 0.031033830231458382 0.030288967535011223
2 0.3907317762642449 0.6210660947043698 0.039918678659881836 0.03693922787409356
1 0.3390152266357484 0.47068079693790016 0.024238020678164496 0.01827911910658777
1 0.6007768260976292 0.38108971980681366 0.00746789764263518 0.009702485731976384
4 0.5828444634011821 0.37947156182509634 0.015316784946188022 0.010847608767505613
1 0.7496145864367113 0.37940955748187016 0.00817637303552914 0.008176373035529316
4 0.7379322237402643 0.3780824979285762 0.01449914764263518 0.010029971463952769