0 0.546875 0.546875 0.38125 0.284375
0 0.43359375 0.47578125 0.24765625 0.209375
6 0.6046875 0.359375 0.05 0.0953125
0 0.55703125 0.34375 0.0421875 0.059375
6 0.73984375 0.3546875 0.07890625 0.0671875
1 0.40625 0.5125 0.034375 0.02578125
1 0.47578125 0.51875 0.0296875 0.02890625
2 0.41875 0.6015625 0.03828125 0.03515625
1 0.36015625 0.45390625 0.0234375 0.0171875
1 0.6171875 0.35234375 0.00703125 0.009375
4 0.59921875 0.3515625 0.01484375 0.01015625
1 0.765625 0.34375 0.0078125 0.0078125
4 0.75390625 0.34296875 0.0140625 0.009375