0 0.23700134414539592 0.6253796497551187 0.31289890230613493 0.34730128855318865
0 0.3989854046546222 0.6461575742670037 0.05719712094786535 0.11104264001588611
6 0.8429783283603804 0.6312742828678506 0.22875912073610394 0.3364671542193456
6 0.6526340494211852 0.6193667978853843 0.20174857067963411 0.39531032020981394
6 0.5117206230845911 0.6387599058409034 0.12904129984470813 0.16536767572970099
1 0.6961271732116481 0.5085208011317952 0.03512542889684287 0.05368410754848192
1 0.9094385152909055 0.5395601156595662 0.028792128910960457 0.038744900162155815
1 0.3975825283744978 0.6086712110364789 0.01028505261671846 0.015788641233702095
1 0.16355759691740618 0.4765915478886796 0.05213862364928845 0.037591503246410876
4 0.21619602048199002 0.6031637305182395 0.04387109734092922 0.02964263555165907
4 0.40771566254713 0.6486513287312305 0.010747784200867017 0.010333528003177151
4 0.6303201626883043 0.5042503124958809 0.0681654420510224 0.05816310186643925
4 0.8562680126600692 0.5378515653352547 0.054891897326811545 0.0446636635548364