0 0.16819016225835876 0.6207068888582692 0.3109020369734157 0.34389194232742837
0 0.3281859599743666 0.6377393318730684 0.05655429443664754 0.11045168667008767
6 0.7746858237237481 0.6124923295353775 0.22681696404263718 0.33403060811666874
6 0.5852924530769616 0.6050030581635509 0.19945992593756773 0.3932283461146163
6 0.44195853290514514 0.6277052808397963 0.1280884577110591 0.16397666246959072
1 0.641147384668739 0.4929934166730033 0.03481541327441171 0.05331135236113216
1 0.8514331094539683 0.519105423017715 0.028568735300678938 0.03843578610435348
1 0.3309325016974807 0.6002347866935287 0.010193871551297562 0.015679542154477845
1 0.1110847484181203 0.47342788876007325 0.05192434814554918 0.037009641490547904
4 0.1498053324301753 0.5989455183467645 0.0437024123699004 0.029151689695149585
4 0.336656879241672 0.6400330848981305 0.010688516508343415 0.010215337334017605
4 0.5756861589789984 0.4902502117543472 0.067832631162236 0.05740849990180408
4 0.7983490530315331 0.518633245226422 0.054636590343633176 0.04405452702916719