0 0.3988140487348605 0.49319730081809 0.4403721033577262 0.18988860932614618
0 0.6543731580601336 0.4278580158644786 0.14660337468172652 0.11431968597979178
0 0.2995669320496341 0.35875152526687476 0.19656646467218158 0.0451891326931599
0 0.8838681120305442 0.5216761785741659 0.23226377593891173 0.18990287385944474
0 0.1774464840467706 0.34049444737895823 0.11350851666931808 0.02216790036059031
1 0.28453337273231516 0.4771021349742706 0.05014545066836353 0.013663762917777867
1 0.6236680507240429 0.4082546838924995 0.03136817866804549 0.010883601823611144
1 0.8855782520687241 0.4857750461653465 0.04551249466899989 0.018242160144236054
2 0.33673221940640574 0.5305895044653122 0.05028181066995439 0.02538251291777769
5 0.6537646307288153 0.44271994966006895 0.03921704133513622 0.01419043977951393
4 0.9362055080760421 0.5385175332475687 0.015806813335454705 0.015988675911805573