0 0.5755355042954131 0.5596036569131949 0.3961534622336149 0.29324869224805583
0 0.4585283887370094 0.48587325655260455 0.2586291287873868 0.21513926320211815
6 0.6235215456798429 0.3734492577868755 0.05499511646291495 0.09647626291777786
0 0.5750464241285453 0.35671504625586853 0.04529921189493056 0.06035692496187508
6 0.7584321342144537 0.3719075544239937 0.08242739767057934 0.06902406335461819
1 0.4331089868825586 0.5219555737069448 0.03572613805964089 0.026581337005972296
1 0.5029677855030776 0.5298239315144796 0.0312024123699004 0.02959723423243048
2 0.4502765547249544 0.6113090144363893 0.04012371099041943 0.036047255983923776
1 0.38394446856519293 0.4622889797671183 0.024338258706427317 0.017733013867708182
1 0.635653053481759 0.36670894851631997 0.0075225729307785375 0.009538654160312543
4 0.6176433599041942 0.3655094712177435 0.015376016508343327 0.01050174211621524
1 0.7836401741285454 0.36157011967847286 0.008221935775648781 0.007994337955902786
4 0.7718804805509805 0.3605161127446187 0.014553822930778537 0.009702308320624997