0 0.4134376892764968 0.5137779728156043 0.4456029545623549 0.19244018190766213
0 0.66726834342111 0.461859086301724 0.14983285672980173 0.1151656619159093
0 0.3102105771094876 0.37421771615168675 0.1977490919010542 0.046330745381146524
0 0.8904180474519924 0.5678292561351922 0.2191639050960152 0.19128554420664762
0 0.1874760726608633 0.3495777658351176 0.1140770874524299 0.022827397730144396
1 0.2986111853221642 0.49170909303214855 0.0505093359695552 0.013954851411925873
1 0.6359719224705829 0.44066003622258176 0.031663835475263545 0.011065532132453626
1 0.9003156067669827 0.5318462920285695 0.046012836958138334 0.01850595909205772
2 0.3524020301889679 0.5478969085506971 0.05098683844101304 0.025673601411925873
5 0.6670919298849567 0.4766801042484127 0.0396036694676523 0.014417852665567032
4 0.9525121181356895 0.5872073934404953 0.016261669961944135 0.016079641066226814