0 0.638670564165667 0.5487252868301249 0.179370074586922 0.26532244355406326
0 0.47763386044480266 0.5235466936388813 0.17472721460545557 0.24409228429823598
0 0.3057142204262693 0.49642365453132176 0.2008978450053421 0.21145339908902602
0 0.18581094819375069 0.4805034994518459 0.09480161242853727 0.18980159918169334
1 0.19091016516145892 0.4016790950053421 0.02322916887447395 0.017197423683797376
1 0.27099696924514294 0.4154266256753812 0.028162205534962848 0.024392364790790034
1 0.4519741507334887 0.42956851514576044 0.038990578130301046 0.02164931070710594
1 0.6235763322218343 0.44338302240215466 0.039208832939624474 0.02789931070710594
4 0.6496353460168324 0.5483259827464408 0.036892364790789854 0.02859871515360979
4 0.4738913015517953 0.5187227843830542 0.029079864790789854 0.028325896641955416
4 0.2917335659797655 0.493588831210344 0.022557046279135663 0.02029514183263199
4 0.19858376670540495 0.4731275090704926 0.016924605172143135 0.015416668874474126