0 0.20801742075108703 0.628886435749515 0.29695046204645237 0.35241819418703546
0 0.3691640060868596 0.6524752470895931 0.052063034014953845 0.11192957032575279
6 0.8142128767504507 0.6453696522538871 0.21324762404517977 0.34012403611233477
6 0.6242691294159507 0.630146412420688 0.18346976471990661 0.39843504391688284
6 0.482336168085587 0.6470561155085802 0.12143119935549898 0.16745537322831047
1 0.6729691640674516 0.5201737008952755 0.03264941534054522 0.054243555897782514
1 0.8850060874044967 0.5549108325611064 0.02700794267186346 0.039208832939624474
1 0.36950890408176895 0.6150025289407586 0.00955681333545444 0.01595238221398514
1 0.1414555347310425 0.47896579210278445 0.050427261338317916 0.03846478847458741
4 0.1882316320814508 0.6063293894703794 0.0425238546705907 0.030379469962933215
4 0.37778502808717784 0.6551190974524128 0.010274428668045399 0.010510914065150524
4 0.6073078014003606 0.5147570253973794 0.0655073686744089 0.059295643646730414
4 0.8318719967377242 0.5522744166818573 0.052852827339272324 0.04557788402808356