0 0.36371055837250055 0.4817491304848674 0.44874685509226264 0.20265684701389547
0 0.6234187583160308 0.4089446370435881 0.1517738735787013 0.11855300542706697
0 0.2740172687687873 0.3501483276804769 0.19845988680346807 0.05090183796878378
0 0.8496711741998684 0.49600314450682 0.24823862087727805 0.19682184757972224
0 0.1533708398013573 0.33544177578059753 0.11441881577089812 0.025468068746907057
1 0.25074012151256275 0.4689768928093393 0.0507280420933748 0.015120388964152198
1 0.5941330767177648 0.3902289365686183 0.031841534200867015 0.011793993102595036
1 0.850201795218321 0.46014753166194977 0.0463135578783902 0.01956222749876275
2 0.299117437354048 0.5209621166900575 0.051410581555913645 0.026839138964152198
5 0.6217729583301482 0.42382933062115297 0.03983604472421067 0.015328428878243728
4 0.8970621136906421 0.5114333926977976 0.01653505261671846 0.016443871551297562