0 0.638670564165667 0.52578125 0.179370074586922 0.259375
0 0.47763386044480266 0.50625 0.17472721460545557 0.23828125
0 0.3057142204262693 0.48515625 0.2008978450053421 0.2046875
0 0.18581094819375069 0.4734375 0.09480161242853727 0.18671875
1 0.19091016516145892 0.39453125 0.02322916887447395 0.01640625
1 0.27099696924514294 0.40546875 0.028162205534962848 0.0234375
1 0.4519741507334887 0.41328125 0.038990578130301046 0.0203125
1 0.6235763322218343 0.42109375 0.039208832939624474 0.0265625
4 0.6496353460168324 0.525 0.036892364790789854 0.02734375
4 0.4738913015517953 0.5015625 0.029079864790789854 0.02734375
4 0.2917335659797655 0.4828125 0.022557046279135663 0.01953125
4 0.19858376670540495 0.465625 0.016924605172143135 0.01484375