0 0.5723461124870501 0.556420738632619 0.39449497849326604 0.2910297435038828
0 0.4557536178637336 0.48334965705871935 0.257408047352185 0.21369785592362883
6 0.6214256596343473 0.3699298595737816 0.0544392510334573 0.09618525324641088
0 0.5730416635632887 0.35347301663579617 0.044952935070022446 0.06011138555165925
6 0.7563635858130296 0.36760152069298596 0.08203555810555194 0.06856481371699222
1 0.4301200711307212 0.5195911201270884 0.035575781017246656 0.02638126785690744
1 0.49994241955914465 0.5270547926103786 0.031033830231458382 0.029424447240056394
2 0.44676822373575503 0.6088718084386912 0.039918678659881836 0.03582445170428343
1 0.38129727336425157 0.46019280072805335 0.024238020678164496 0.017596603084255057
1 0.6335981739023708 0.3631167978853843 0.00746789764263518 0.00949773092527657
4 0.6155930365988179 0.3620219021874554 0.015316784946188022 0.010415348620028197
1 0.7816354135632887 0.35711403408566655 0.00817637303552914 0.007948867694751716
4 0.7698802762597357 0.35612823254353904 0.01449914764263518 0.009620461850553052