0 0.6662087958567894 0.52578125 0.17483990746575645 0.259375
0 0.5041491266199101 0.50625 0.17056546468992692 0.23828125
0 0.33112468384408056 0.48515625 0.19732283360249453 0.2046875
0 0.210607632301953 0.4734375 0.09154043790456567 0.18671875
1 0.21157406858496083 0.39453125 0.022942622158978576 0.01640625
1 0.2922337333576132 0.40546875 0.02775285308425506 0.0234375
1 0.4736201010523649 0.41328125 0.0386358060063543 0.0203125
1 0.6456314687471166 0.42109375 0.038744900162155815 0.0265625
4 0.6771326590873142 0.525 0.036414786931630874 0.02734375
4 0.5001610560030592 0.5015625 0.02860228693163087 0.02734375
4 0.31702127353565507 0.4828125 0.022215919236879246 0.01953125
4 0.2229712646072013 0.465625 0.0166653486200282 0.01484375