0 0.65703125 0.52578125 0.1703125 0.259375
0 0.4953125 0.50625 0.16640625 0.23828125
0 0.32265625 0.48515625 0.19375 0.2046875
0 0.20234375 0.4734375 0.08828125 0.18671875
1 0.2046875 0.39453125 0.02265625 0.01640625
1 0.28515625 0.40546875 0.02734375 0.0234375
1 0.46640625 0.41328125 0.03828125 0.0203125
1 0.63828125 0.42109375 0.03828125 0.0265625
4 0.66796875 0.525 0.0359375 0.02734375
4 0.49140625 0.5015625 0.028125 0.02734375
4 0.30859375 0.4828125 0.021875 0.01953125
4 0.21484375 0.465625 0.01640625 0.01484375