0 0.20439921291368784 0.6148635642504849 0.2949595386384363 0.3524181941870356
0 0.36544125204310346 0.6272122529104068 0.05142212031511306 0.11192957032575279
6 0.8106219418364489 0.589005347746113 0.21131124648395883 0.3401240361123346
6 0.6207281948615111 0.587041087579312 0.18118793012898404 0.398435043916883
6 0.47866795988862576 0.6138813844914198 0.12048119252382002 0.16745537322831047
1 0.6700782341873184 0.47357629910472454 0.03234032220870695 0.054243555897782514
1 0.8819560654712116 0.4935266674388936 0.02678521379745078 0.039208832939624474
1 0.3660043334251927 0.5896849710592414 0.00946590359079611 0.01595238221398514
1 0.13869642398066398 0.4694717078972156 0.05021362343837099 0.03846478847458741
4 0.18474069788657319 0.5936706105296207 0.042355671642972936 0.030379469962933215
4 0.37404863758172285 0.6292559025475872 0.010215337334017516 0.010510914065150524
4 0.6044350534691592 0.4727429746026205 0.0651755481064061 0.059295643646730414
4 0.8288265202916719 0.4946005833181427 0.052598280054229465 0.04557788402808356