0 0.6509132312619578 0.495179527711987 0.17333060136854392 0.2673074321745384
0 0.48942174793127585 0.4831804495474432 0.16917890336568037 0.24603174565677383
0 0.31701094593413937 0.47012829363264047 0.19613175469445326 0.21371155128112634
0 0.19683480593573022 0.4640131883797915 0.09045391935868063 0.19083051530148082
1 0.20009671327977516 0.3849977764691327 0.022847154002227123 0.017461481803034928
1 0.28043819394495706 0.392187384203181 0.027616470003181702 0.024711055624352517
1 0.4615972872772298 0.39155802977890153 0.038517607336090796 0.022095477874093473
1 0.6333813806095027 0.39136532299725724 0.038590332670272606 0.028345477874093562
4 0.6618598219287305 0.4938888554622459 0.03625567333704538 0.029017565963434678
4 0.4855700419319122 0.47867488606520786 0.028443173337045203 0.02865369292790554
4 0.30297571793445754 0.46843951509659315 0.022102266669318027 0.020550094499482086
4 0.20942571260345746 0.4556184915229446 0.016578972668681757 0.015607883374611475