0 0.36957171381546683 0.48862097886378975 0.44665032981717356 0.1949926185038052
0 0.6285871488854895 0.42029753168152945 0.15047949710451575 0.11601192431676957
0 0.27828324193722936 0.3553124602594682 0.19798588978475226 0.04747274464252236
0 0.8559972113342674 0.5114135718853973 0.24608740363849116 0.1926686827542902
0 0.15739069913315845 0.33847467904127504 0.11419093258882321 0.02348711841898705
1 0.2563825091007371 0.47385412913394226 0.05058219685684691 0.014246038474587408
1 0.5990644687778656 0.4010490238769811 0.03172303494618802 0.01124752404661713
1 0.856108527297702 0.47553063558772823 0.046113020678164675 0.01876984736759475
2 0.3053978978520321 0.526741026957024 0.05112800641014079 0.025964788474587407
5 0.6271145401179838 0.43516856353269484 0.03968108416039975 0.014645342558271324
4 0.90359780335255 0.5276908471131408 0.016352746071058633 0.016170637023308388